1 81
2 87
3 92
4 90
5 89
6 90
7 92
8 93
9 97
10 95
11 98
12 101
13 99
14 97
15 101
16 98
17 102
18 98
19 102
20 105
21 101
22 99
23 100
24 98
25 102
26 97
27 100
28 101
29 100
30 98
31 100
32 99
33 100
34 98
35 100
36 103
37 101
38 98
39 101
40 98
41 100
42 99
43 102
44 101
45 101
46 98
47 101
48 99
49 102
50 102
51 105
52 113
53 113
54 111
55 114
56 114
57 114
58 114
59 115
60 115
61 115
62 114
63 115
64 114
65 114
66 118
67 116
68 115
69 115
70 115
71 114
72 114
73 116
74 116
75 115
76 116
77 115
78 115
79 115
80 115
81 115
82 115
83 114
84 115
85 115
86 114
87 115
88 115
89 115
90 115
91 115
92 115
93 115
94 116
95 115
96 115
97 116
98 114
99 115
100 116
101 115
102 115
103 115
104 115
105 115
106 115
107 115
108 116
109 121
110 116
111 115
112 115
113 116
114 115
115 116
116 116
117 115
118 115
119 116
120 118
121 117
122 115
123 116
124 116
125 117
126 115
127 117
128 117
129 117
130 116
131 116
132 116
133 115
134 116
135 116
136 117
137 115
138 116
139 116
140 116
141 116
142 116
143 116
144 116
145 116
146 116
147 116
148 117
149 117
150 116
151 116
152 117
153 116
154 116
155 117
156 118
157 116
158 115
159 118
160 117
161 117
162 117
163 117
164 124
165 118
166 117
167 118
168 117
169 117
170 117
171 117
172 117
173 117
174 116
175 116
176 116
177 117
178 119
179 117
180 118
181 121
182 118
183 116
184 117
185 116
186 116
187 117
188 116
189 117
190 119
191 118
192 118
193 118
194 118
195 116
196 116
197 117
198 116
199 116