1 72
2 75
3 78
4 83
5 84
6 86
7 88
8 89
9 92
10 91
11 93
12 98
13 95
14 94
15 98
16 93
17 97
18 95
19 100
20 102
21 96
22 94
23 96
24 93
25 96
26 94
27 98
28 99
29 96
30 93
31 96
32 92
33 96
34 94
35 96
36 98
37 96
38 94
39 94
40 94
41 96
42 94
43 97
44 99
45 97
46 93
47 97
48 94
49 96
50 96
51 101
52 104
53 104
54 104
55 107
56 106
57 106
58 106
59 105
60 106
61 107
62 106
63 107
64 107
65 108
66 107
67 108
68 107
69 106
70 106
71 106
72 108
73 106
74 105
75 103
76 105
77 105
78 106
79 108
80 105
81 106
82 106
83 107
84 105
85 104
86 108
87 107
88 106
89 106
90 107
91 106
92 108
93 108
94 106
95 107
96 106
97 107
98 107
99 106
100 105
101 106
102 107
103 105
104 104
105 105
106 105
107 107
108 107
109 108
110 106
111 107
112 108
113 109
114 108
115 106
116 107
117 111
118 107
119 106
120 107
121 107
122 108
123 108
124 108
125 108
126 108
127 107
128 108
129 108
130 106
131 107
132 108
133 105
134 109
135 108
136 109
137 109
138 109
139 108
140 107
141 107
142 108
143 107
144 107
145 111
146 110
147 111
148 109
149 108
150 110
151 109
152 109
153 110
154 108
155 111
156 109
157 109
158 110
159 109
160 111
161 109
162 109
163 109
164 109
165 106
166 107
167 106
168 109
169 109
170 110
171 111
172 109
173 109
174 109
175 110
176 110
177 110
178 108
179 109
180 109
181 107
182 111
183 109
184 108
185 109
186 109
187 110
188 109
189 112
190 110
191 109
192 107
193 108
194 110
195 113
196 110
197 110
198 110
199 109
