1 43
2 47
3 55
4 58
5 60
6 58
7 63
8 66
9 69
10 73
11 78
12 81
13 84
14 90
15 92
16 96
17 95
18 96
19 95
20 96
21 97
22 95
23 95
24 96
25 95
26 95
27 95
28 96
29 95
30 101
31 97
32 94
33 94
34 95
35 95
36 94
37 95
38 94
39 94
40 94
41 95
42 94
43 94
44 94
45 95
46 93
47 100
48 99
49 97
50 99
51 100
52 96
53 94
54 95
55 95
56 95
57 94
58 95
59 95
60 95
61 94
62 94
63 94
64 93
65 94
66 94
67 96
68 95
69 95
70 95
71 94
72 94
73 94
74 96
75 96
76 96
77 104
78 104
79 101
80 101
81 94
82 93
83 95
84 94
85 96
86 96
87 95
88 95
89 97
90 96
91 95
92 95
93 94
94 95
95 95
96 95
97 94
98 96
99 96
100 96
101 95
102 96
103 95
104 95
105 94
106 94
107 96
108 95
109 96
110 94
111 95
112 96
113 93
114 95
115 94
116 95
117 95
118 95
119 96
120 95
121 96
122 96
123 95
124 95
125 95
126 96
127 94
128 96
129 95
130 95
131 95
132 98
133 101
134 101
135 96
136 95
137 96
138 96
139 95
140 95
141 96
142 94
143 96
144 94
145 95
146 94
147 96
148 96
149 96
150 96
151 95
152 96
153 95
154 95
155 95
156 96
157 95
158 96
159 96
160 96
161 96
162 96
163 95
164 95
165 96
166 97
167 96
168 95
169 95
170 96
171 96
172 95
173 95
174 95
175 96
176 96
177 96
178 96
179 96
180 96
181 96
182 97
183 97
184 95
185 96
186 97
187 96
188 96
189 96
190 95
191 95
192 96
193 96
194 96
195 96
196 96
197 96
198 96
199 97
