// cblas_dgemm(CblasRowMajor, CblasNoTrans, CblasNoTrans, N, N, N, 1.0, A, N, B, N, 0.0, C, N);
/*
40 1 79 84
56 23 5 70
81 71 80 28
97 47 90 1

-0.00554211 0.0130805 -0.0167522 0.0190294
-0.00645813 -0.0029306 0.0273585 -0.0184877
0.00928033 -0.0126317 0.00372497 0.000355556
0.00589279 0.00568594 0.00414814 -0.00917584
*/

/*
65 16 15 4
4 54 98 2
9 29 30 5
74 13 29 26

0.0174969 0.000761329 -0.0107079 -0.0006022
0.00697509 -0.0187286 0.0712342 -0.0137411
-0.00357375 0.0207921 -0.0395288 0.00680068
-0.0492698 -0.0159578 0.0388468 0.0394466*/